83 225130049
9789 4540
5571 6451
1467 9729
8649 8152
8931 3547
5363 9963
528 4434
6364 9568
9977 5158
2854 4765
78 9271
7613 3924
2750 255
1372 4097
3650 4203
449 5490
4720 3462
8163 1999
3405 4006
7602 6937
6940 8374
4881 7468
2762 4656
4664 4080
6926 1683
7515 5703
2237 2292
140 7848
61 4553
9897 5200
4211 3269
338 1209
876 7857
2138 6290
8993 4173
871 7138
4588 7058
9353 4050
2064 7651
8232 1356
3288 4474
5172 2072
9001 5103
3155 1414
3167 7503
6740 6980
9977 1714
6206 9344
1120 6271
3771 3969
7290 9418
1026 9583
8639 8279
521 2097
2769 2909
918 5154
2781 3171
8446 1439
4403 1793
4688 6479
6330 900
6046 9481
3348 1998
2849 3056
2425 4155
5920 6980
3691 7575
3706 3780
1935 777
2040 8697
487 1280
8426 4449
6854 3472
6044 4577
3445 2362
7493 3081
4600 893
4001 5058
9430 4229
7707 9496
2854 8972
1456 2163
7137 8088
