255
410 224 193
491 176 290
127 97 48
52 35 4
412 109 146
483 43 80
351 126 31
95 90 73
70 69 14
418 373 49
218 109 158
386 3 62
482 289 259
241 205 217
450 39 412
310 173 17
488 283 158
440 21 435
207 205 179
297 2 75
466 369 7
124 46 120
462 232 331
135 25 28
302 124 253
216 41 2
96 56 64
463 254 8
90 63 33
267 58 32
224 199 188
359 39 41
320 142 214
2 1 2
240 228 181
438 271 397
60 52 59
209 150 143
329 297 304
412 112 201
54 34 16
58 18 48
467 43 293
242 32 125
51 50 31
141 23 141
110 15 57
174 57 129
44 28 9
73 34 61
217 19 115
283 108 78
204 195 195
292 18 206
476 147 314
40 34 25
32 10 12
184 137 184
258 105 192
187 20 180
14 1 2
77 56 27
96 65 95
351 105 73
443 310 187
331 26 66
395 327 233
127 107 57
123 96 9
454 209 408
304 272 58
178 39 24
117 51 9
239 44 138
292 218 204
406 24 342
217 40 212
5 4 2
26 3 16
400 324 53
425 379 240
77 57 68
148 103 90
378 263 158
296 88 218
39 27 14
170 110 57
200 177 18
123 95 47
23 9 10
18 14 9
192 114 171
274 110 120
481 342 23
366 95 182
230 27 20
215 48 79
173 136 125
146 87 7
370 344 144
233 29 57
373 113 234
45 18 23
211 136 129
491 344 225
41 6 34
156 24 27
470 190 465
284 250 52
251 118 35
13 10 7
418 148 331
317 202 180
259 123 33
26 23 16
271 226 40
368 192 356
143 89 115
230 93 171
159 35 23
486 331 413
259 54 171
147 128 104
494 472 133
100 11 21
303 207 58
83 11 62
184 169 159
106 49 40
74 29 52
156 90 141
73 58 12
283 282 83
218 30 144
139 36 103
127 56 39
10 4 10
438 396 361
178 6 52
301 91 32
391 78 214
107 31 46
374 231 242
282 31 71
144 143 90
117 14 58
83 22 7
400 100 271
31 4 8
308 60 224
213 69 2
484 104 443
195 143 191
36 21 9
278 139 110
462 210 432
89 59 29
319 266 176
165 30 76
271 197 232
290 52 46
156 127 155
341 150 109
249 197 207
469 130 39
217 180 110
199 82 85
149 17 137
481 262 211
421 214 306
289 52 240
413 296 384
373 185 89
400 60 108
410 378 211
422 57 272
132 95 73
326 302 235
261 64 141
385 190 141
124 2 110
488 166 70
208 78 48
317 173 130
104 87 74
169 81 155
221 95 163
253 2 116
87 26 49
366 255 350
357 324 264
54 33 23
430 211 216
181 27 31
309 268 241
61 41 18
117 86 19
104 7 3
435 195 206
116 35 85
287 226 257
364 89 86
47 35 30
269 150 186
128 56 92
474 34 119
258 14 123
15 1 3
489 209 375
397 362 298
50 43 17
426 290 49
301 87 20
379 2 148
288 74 189
185 7 10
488 486 469
114 39 49
45 9 44
372 312 226
453 392 190
398 310 242
438 15 427
127 113 101
484 476 429
117 67 67
222 9 92
176 6 170
258 71 54
327 220 101
440 218 249
355 157 11
280 71 274
259 56 223
356 121 288
232 209 4
270 199 13
64 18 60
214 90 14
317 280 302
115 75 37
161 123 15
183 140 9
183 19 145
471 15 390
494 43 210
389 372 111
293 264 127
127 9 80
416 171 250
268 265 95
171 37 104
312 213 56
7 5 3
58 15 3
